HW6
Question 2
 
sh:      1    
--:-----------
 d:     625.00
 s:      12.00
 h:       0.40
 f:      75.00
 v:  11,200.00
 a:       1.00
TLC if transporting at a constant TL/year rate
 
 :   TLC_FTL    qFTL   TC_FTL   IC_FTL  isLTL  nFTL   days
-:--------------------------------------------------------
1:  80,747.03  16.50  6,827.03  73,920    0    4.55  80.36
TLC if transporting once a week in LTL
 
 :     TLCw     qw      TCw        ICw    isLTL   nmin
-:----------------------------------------------------
1:  51,398.84  1.44  44,959.41  6,439.43    1    52.18
The change in TLC is $29348.20.

Question 3 
sh:   d    f    s    a     h        v   
--:-------------------------------------
 1:  500  12   2.40  1  0.4500  2,916.67
 2:  500  24  10.00  1  0.3333  2,000.00

TLC if transporting A and B separately 
     :     TLC      qmax     TC         IC        t  
-----:-----------------------------------------------
    1:   7,967.61   3.30  3,636.36   4,331.25  100.44
    2:  10,912.12  13.75  1,745.45   9,166.67  209.26
Total:  18,879.73  17.05  5,381.82  13,497.92  309.70
  Avg:   9,439.87   8.53  2,690.91   6,748.96  154.85

Aggregate Shipment 
sh12,agg3:   d    f    s    a     h        v   
---------:-------------------------------------
        1:  500  12   2.40  1  0.4500  2,916.67
        2:  500  24  10.00  1  0.3333  2,000.00
        3:  500  36   4.86  1  0.3722  2,305.56

TLC if transporting A and B together 
       sh:     TLC      qmax     t  
---------:--------------------------
        A:   7,967.61   3.30  100.44
        B:  10,912.12  13.75  209.26
      A+B:  18,879.73               
Aggregate:  11,116.55   6.69   65.71
The change in TLC is $7763.18.

Question 5 
sh:     f      s  
--:---------------
 1:  172.80   2.96
 2:  226.80  10.77
 3:   21.60   1.48
 4:  626.40   8.06
 5:  105.00   4.58
 6:  280.00   4.58
 7:  192.50   4.58
 8:   96.25   4.58
 9:  140.00   4.58
10:  131.25   4.58
Plant should be located in Tulsa, OK.

Question 6 
     :     TLC2       q2      qmax      n2        t2     isLTL2
-----:---------------------------------------------------------
    1:    3,280.51   12.13     12.13    2.97     122.92     0  
    2:       71.82    9.08      9.08    1.02     358.98     0  
    3:    3,010.25    5.33      5.33    7.36      49.60     0  
    4:    6,816.20    1.83      1.83    6.40      57.05     0  
    5:      592.98   16.14     16.14    1.25     291.43     0  
    6:    1,653.42   18.36     18.36    2.95     123.90     0  
    7:      528.02   10.33     10.33    0.29   1,268.23     0  
    8:    3,033.49   20.29     20.29    7.17      50.95     0  
    9:    1,791.23   25.00     25.00    0.53     689.91     0  
   10:      688.70    2.86      2.86    1.79     203.71     0  
   11:      852.74   17.33     17.33    0.68     534.27     0  
   12:    3,717.15    8.45      8.45    3.07     118.82     0  
   13:    4,348.47    5.64      5.64    2.35     155.22     0  
   14:    1,399.35   15.26     15.26    1.07     341.80     0  
   15:    1,819.12   25.00     25.00    1.25     293.01     0  
   16:    4,509.65    1.99      1.99    4.31      84.76     0  
   17:      203.53   22.23     22.23    0.26   1,395.03     0  
   18:    1,411.87   22.83     22.83    3.46     105.71     0  
   19:      383.50   10.89     10.89    0.98     371.19     0  
   20:   10,534.37   23.33     23.33    4.93      74.03     0  
   21:      919.82   25.00     25.00    0.96     381.23     0  
   22:      978.53   25.00     25.00    1.37     267.51     0  
   23:    2,585.83    0.86      0.86    1.39     263.58     0  
   24:    1,836.80   18.64     18.64    1.10     333.52     0  
   25:      264.94   25.00     25.00    0.39     942.28     0  
   26:    7,191.07   10.65     10.65    2.41     151.40     0  
   27:    1,169.97    4.86      4.86    0.44     824.62     0  
   28:   18,995.08    9.63      9.63    3.07     118.84     0  
   29:    2,768.83   10.60     10.60    2.12     172.07     0  
   30:    1,347.04   16.77     16.77    0.62     586.09     0  
   31:   12,527.60    3.81      3.81    6.35      57.54     0  
   32:    1,781.04    9.44      9.44    1.50     243.17     0  
   33:      916.97    5.44      5.44    0.77     477.19     0  
   34:   10,520.69   20.14     20.14    3.56     102.58     0  
   35:      234.75   25.00     25.00    0.96     381.76     0  
   36:      306.55   11.75     11.75    0.25   1,488.77     0  
   37:      438.91    6.65      6.65    0.56     646.77     0  
   38:    5,856.25   17.58     17.58    2.80     130.65     0  
   39:      424.74   19.37     19.37    2.09     174.62     0  
   40:    5,006.00   25.00     25.00    1.12     325.48     0  
   41:    3,079.62    4.81      4.81    1.66     219.46     0  
   42:    1,308.11   15.66     15.66    0.49     745.68     0  
   43:    1,359.73   17.50     17.50    0.89     410.75     0  
   44:    1,465.50   15.66     15.66    0.65     566.20     0  
   45:      239.13   11.47     11.47    0.39     931.21     0  
   46:    7,278.32   10.44     10.44    0.99     367.11     0  
   47:    3,191.83    6.24      6.24    4.46      81.87     0  
   48:    7,799.09   10.53     10.53    1.09     335.47     0  
   49:    3,908.61   10.31     10.31    3.01     121.52     0  
   50:    1,852.12    7.42      7.42    0.70     520.25     0  
   51:    9,867.72    2.98      2.98    8.20      44.52     0  
   52:   86,549.24    6.01      6.01   13.35      27.36     0  
   53:    4,244.60    3.91      3.91    2.09     175.16     0  
   54:    2,086.83    2.76      2.76    1.11     329.22     0  
   55:    9,784.48   25.00     25.00    2.21     165.43     0  
   56:      110.01   21.69     21.69    1.81     201.57     0  
   57:    2,423.86   11.27     11.27    1.07     342.27     0  
   58:    7,240.36   17.03     17.03    1.52     240.93     0  
   59:    4,768.93    3.64      3.64    3.08     118.71     0  
   60:      184.29   14.28     14.28    0.51     721.57     0  
   61:      678.94   12.89     12.89    0.82     442.87     0  
   62:    1,456.36    1.35      1.35    2.19     166.96     0  
   63:      324.01   22.21     22.21    0.23   1,602.81     0  
   64:      493.66   25.00     25.00    0.46     801.24     0  
   65:   11,218.43    3.40     11.35   14.37      25.42     0  
   66:   14,405.11    4.24     11.02   14.91      24.50     0  
   67:   15,451.04    4.18     11.04   14.81      24.66     0  
   68:   11,287.25    3.25     10.69   19.17      19.06     0  
   69:   17,015.46    4.68     11.20   12.98      28.13     0  
   70:    4,727.69    1.03     11.39   54.50       6.70     0  
   71:    4,772.06    1.51     11.06   39.62       9.22     0  
   72:    5,655.82    1.77     10.65   27.99      13.05     0  
   73:    7,033.63    2.08     11.79   26.53      13.76     0  
   74:   11,437.36    3.50     11.66   14.40      25.37     0  
   75:   10,121.71    3.03     11.72   15.58      23.45     0  
   76:   11,817.05    3.38      9.74   15.81      23.10     0  
   77:   12,194.12    3.98     12.50   13.33      27.40     0  
   78:   11,808.35    3.60     10.99   17.37      21.03     0  
   79:    7,651.22    2.40     10.86   19.81      18.44     0  
   80:   10,757.16    3.69     11.41   12.45      29.33     0  
   81:   12,974.88    3.88     11.91   15.83      23.08     0  
   82:   15,948.82    5.02     13.15   12.17      30.00     0  
   83:    6,241.34    1.83      9.84   28.13      12.99     0  
   84:   12,094.63    3.64     11.38   15.22      24.00     0  
   85:    8,593.32    2.16     10.09   23.98      15.23     0  
   86:   10,125.09    3.51     11.68   13.69      26.68     0  
   87:   11,109.68    2.87      9.84   20.26      18.03     0  
   88:   11,532.27    3.97     10.91   13.95      26.17     0  
   89:   17,726.91    5.41     10.30   10.16      35.94     0  
   90:    5,781.15    1.66     10.17   31.19      11.71     0  
   91:   14,471.17    4.25     11.97   12.08      30.23     0  
   92:    7,123.62    2.02     10.28   23.28      15.69     0  
Total:  589,489.47  935.49  1,156.14  694.48  25,042.68     0  
  Avg:    6,407.49   10.17     12.57    7.55     272.20     0  

t3 =

    0.0749

 
     :      TLC3        q3      qmax       n3        t3     isLTL3
-----:------------------------------------------------------------
    1:     14,740.35    2.70     12.13     13.35     27.36    0.00
    2:        942.47    0.69      9.08     13.35     27.36    0.00
    3:      5,457.99    2.94      5.33     13.35     27.36    0.00
    4:     14,215.74    0.88      1.83     13.35     27.36    0.00
    5:      6,317.25    1.51     16.14     13.35     27.36    0.00
    6:      7,488.81    4.05     18.36     13.35     27.36    0.00
    7:      4,552.70    0.22     10.33     13.35     27.36    1.00
    8:      5,649.43   10.89     20.29     13.35     27.36    0.00
    9:     11,596.78    0.99     25.00     13.35     27.36    1.00
   10:      5,128.54    0.38      2.86     13.35     27.36    0.00
   11:      8,576.98    0.89     17.33     13.35     27.36    1.00
   12:     16,145.54    1.95      8.45     13.35     27.36    0.00
   13:     24,674.15    0.99      5.64     13.35     27.36    0.00
   14:     12,316.26    1.22     15.26     13.35     27.36    1.00
   15:     17,080.52    2.33     25.00     13.35     27.36    1.00
   16:     13,972.40    0.64      1.99     13.35     27.36    0.00
   17:      3,542.03    0.44     22.23     13.35     27.36    1.00
   18:      5,455.76    5.91     22.83     13.35     27.36    0.00
   19:      5,203.71    0.80     10.89     13.35     27.36    0.00
   20:     28,508.14    8.62     23.33     13.35     27.36    0.00
   21:     10,929.90    1.79     25.00     13.35     27.36    1.00
   22:      9,569.00    2.56     25.00     13.35     27.36    0.00
   23:      7,819.89    0.09      0.86     13.35     27.36    1.00
   24:     14,658.39    1.53     18.64     13.35     27.36    1.00
   25:      4,584.34    0.73     25.00     13.35     27.36    1.00
   26:     33,224.69    1.92     10.65     13.35     27.36    1.00
   27:      7,574.28    0.16      4.86     13.35     27.36    1.00
   28:     56,327.89    2.22      9.63     13.35     27.36    1.00
   29:     17,416.18    1.69     10.60     13.35     27.36    0.00
   30:      9,843.30    0.78     16.77     13.35     27.36    1.00
   31:     26,351.86    1.81      3.81     13.35     27.36    0.00
   32:     15,176.84    1.06      9.44     13.35     27.36    1.00
   33:      8,806.46    0.31      5.44     13.35     27.36    1.00
   34:     39,451.19    5.37     20.14     13.35     27.36    0.00
   35:      3,275.97    1.79     25.00     13.35     27.36    0.00
   36:      3,451.78    0.22     11.75     13.35     27.36    1.00
   37:      5,865.40    0.28      6.65     13.35     27.36    1.00
   38:     27,969.05    3.68     17.58     13.35     27.36    0.00
   39:      2,711.30    3.03     19.37     13.35     27.36    0.00
   40:     24,856.94    2.10     25.00     13.35     27.36    1.00
   41:     19,806.25    0.60      4.81     13.35     27.36    1.00
   42:      8,645.65    0.57     15.66     13.35     27.36    1.00
   43:     11,625.60    1.17     17.50     13.35     27.36    1.00
   44:     10,178.71    0.76     15.66     13.35     27.36    1.00
   45:      3,949.60    0.34     11.47     13.35     27.36    1.00
   46:     23,369.19    0.78     10.44     13.35     27.36    1.00
   47:      9,552.27    2.08      6.24     13.35     27.36    0.00
   48:     24,994.01    0.86     10.53     13.35     27.36    1.00
   49:     17,362.69    2.32     10.31     13.35     27.36    0.00
   50:     11,204.22    0.39      7.42     13.35     27.36    1.00
   51:     16,058.18    1.83      2.98     13.35     27.36    0.00
   52:     86,549.24    6.01      6.01     13.35     27.36    0.00
   53:     24,191.13    0.61      3.91     13.35     27.36    1.00
   54:     12,573.81    0.23      2.76     13.35     27.36    1.00
   55:     40,075.19    4.13     25.00     13.35     27.36    1.00
   56:        810.59    2.94     21.69     13.35     27.36    0.00
   57:     14,904.20    0.90     11.27     13.35     27.36    1.00
   58:     29,523.06    1.93     17.03     13.35     27.36    1.00
   59:     20,695.21    0.84      3.64     13.35     27.36    0.00
   60:      4,231.22    0.54     14.28     13.35     27.36    1.00
   61:      8,105.09    0.80     12.89     13.35     27.36    1.00
   62:      8,888.66    0.22      1.35     13.35     27.36    0.00
   63:      3,949.24    0.38     22.21     13.35     27.36    1.00
   64:      6,378.45    0.85     25.00     13.35     27.36    1.00
   65:     11,248.62    3.66     11.35     13.35     27.36    0.00
   66:     14,492.90    4.73     11.02     13.35     27.36    0.00
   67:     15,534.20    4.63     11.04     13.35     27.36    0.00
   68:     12,032.71    4.67     10.69     13.35     27.36    0.00
   69:     17,022.12    4.55     11.20     13.35     27.36    0.00
   70:      7,257.84    4.21     11.39     13.35     27.36    0.00
   71:      7,884.34    4.49     11.06     13.35     27.36    0.00
   72:      7,277.79    3.71     10.65     13.35     27.36    0.00
   73:      8,758.70    4.13     11.79     13.35     27.36    0.00
   74:     11,469.98    3.78     11.66     13.35     27.36    0.00
   75:     10,242.37    3.53     11.72     13.35     27.36    0.00
   76:     11,986.56    4.00      9.74     13.35     27.36    0.00
   77:     12,194.13    3.97     12.50     13.35     27.36    0.00
   78:     12,219.25    4.68     10.99     13.35     27.36    0.00
   79:      8,254.48    3.56     10.86     13.35     27.36    0.00
   80:     10,783.39    3.44     11.41     13.35     27.36    0.00
   81:     13,162.72    4.60     11.91     13.35     27.36    0.00
   82:     16,016.82    4.58     13.15     13.35     27.36    0.00
   83:      8,055.18    3.86      9.84     13.35     27.36    0.00
   84:     12,198.15    4.14     11.38     13.35     27.36    0.00
   85:     10,109.37    3.88     10.09     13.35     27.36    0.00
   86:     10,128.25    3.60     11.68     13.35     27.36    0.00
   87:     12,089.92    4.36      9.84     13.35     27.36    0.00
   88:     11,543.51    4.15     10.91     13.35     27.36    0.00
   89:     18,391.15    4.12     10.30     13.35     27.36    0.00
   90:      7,989.29    3.88     10.17     13.35     27.36    0.00
   91:     14,543.23    3.84     11.97     13.35     27.36    0.00
   92:      8,252.97    3.52     10.28     13.35     27.36    0.00
Total:  1,280,191.56  228.56  1,156.14  1,228.38  2,516.72   36.00
  Avg:     13,915.13    2.48     12.57     13.35     27.36    0.39

The change in TLC is $690702.10.
All products should be stocked with no coordination.
diary off
